//transfer table
128 
128 
129 
129 
257 n  
257 258  
130 
130 
258 c  
258 259  
131 
131 
259 t  
259 260  
132 
132 
260 i  
260 261  
133 
133 
261 o  
261 262  
134 
134 
262 n  
262 263  
135 
135 
264 &  
264 265  
136 
136 
137 
137 
138 
138 
139 
139 
140 
140 
268 p  
268 269  
141 
141 
269 u  
269 270  
142 
142 
270 t  
270 271  
143 r  
143 243  
144 o  
144 247  
145 
145 
146 l  
146 254  
147 u  
147 257  
148 
148 
149 
149 
150 f  n  
150 267  268  
278 i  
278 279  
151 
151 
279 n  
279 280  
152 
152 
280 t  
280 281  
153 
153 
154 
154 
282 t  
282 283  
155 
155 
283 u  
283 284  
156 
156 
284 r  
284 285  
157 r  
157 278  
285 n  
285 286  
158 
158 
159 e  
159 282  
287 r  
287 288  
160 
160 
161 
161 
289 i  
289 290  
162 
162 
290 l  
290 291  
163 a  
163 287  
291 e  
291 292  
164 h  
164 289  
165 
165 
166 
166 
167 
167 
295 |  
295 296  
168 0  1  2  3  4  5  6  7  8  9  
168 169  170  171  172  173  174  175  176  177  178  
104 !  &  (  )  *  +  ,  -  /  0  1  2  3  4  5  6  7  8  9  <  =  >  A  B  C  D  E  F  G  H  I  J  K  L  M  N  O  P  Q  R  S  T  U  V  W  X  Y  Z  _  a  b  c  d  e  f  g  h  i  j  k  l  m  n  o  p  q  r  s  t  u  v  w  x  y  z  {  |  }  
104 242  264  266  272  273  274  275  276  277  105  106  107  108  109  110  111  112  113  114  294  297  299  115  116  117  118  119  120  121  122  123  124  125  126  127  128  129  130  131  132  133  134  135  136  137  138  139  140  141  142  143  144  145  146  147  148  149  150  151  152  153  154  155  156  157  158  159  160  161  162  163  164  165  166  167  293  295  298  
105 .  
105 168  
115 0  1  2  3  4  5  6  7  8  9  A  B  C  D  E  F  G  H  I  J  K  L  M  N  O  P  Q  R  S  T  U  V  W  X  Y  Z  _  a  b  c  d  e  f  g  h  i  j  k  l  m  n  o  p  q  r  s  t  u  v  w  x  y  z  
115 179  180  181  182  183  184  185  186  187  188  189  190  191  192  193  194  195  196  197  198  199  200  201  202  203  204  205  206  207  208  209  210  211  212  213  214  215  216  217  218  219  220  221  222  223  224  225  226  227  228  229  230  231  232  233  234  235  236  237  238  239  240  241  
243 e  
243 244  
244 a  
244 245  
117 
117 
245 k  
245 246  
118 
118 
119 
119 
247 n  
247 248  
120 
120 
248 t  
248 249  
121 
121 
249 i  
249 250  
122 
122 
250 n  
250 251  
123 
123 
251 u  
251 252  
124 
124 
252 e  
252 253  
125 
125 
126 
126 
254 s  
254 255  
127 
127 
255 e  
255 256  

//terminal
242 265 266 272 273 274 275 276 277 169 170 171 172 173 174 175 176 177 178 106 107 108 109 110 111 112 113 114 294 297 299 179 180 181 182 183 184 185 186 187 188 189 190 191 192 193 194 195 196 197 198 199 200 201 202 203 204 205 206 207 208 209 210 211 212 213 214 215 216 217 218 219 220 221 222 223 224 225 226 227 228 229 230 231 232 233 234 235 236 237 238 239 240 241 116 246 253 256 263 267 271 281 286 288 292 293 296 298 
